0 1 1 1 0 1 0 1 0 1 0 1 0 1 1 1 - Zero
0 1 0 0 1 1 0 0 0 1 0 0 1 1 0 0 - Um
0 1 1 0 1 1 1 0 1 1 1 0 0 1 1 0 - Zero
0 0 0 1 0 0 1 1 0 0 0 1 0 0 0 1 - Um
0 1 1 1 1 1 0 1 0 1 0 1 0 1 1 1 - Zero
0 0 1 0 0 1 1 0 0 0 1 0 0 0 1 0 - Um
0 1 1 1 1 1 0 1 1 0 1 1 1 1 1 0 - Zero
0 0 1 0 0 1 1 0 0 0 1 0 0 0 1 0 - Um


0 1 1 0 1 1 1 1 1 1 1 1 0 1 1 0 - Zero
0 1 1 0 0 1 1 0 1 1 0 0 1 1 1 0 - Um
1 1 1 0 1 0 1 0 1 0 1 0 1 1 1 0 - Zero
0 0 1 0 0 1 1 0 0 1 1 0 0 1 1 1 - Um
0 1 1 0 0 1 1 0 0 1 1 0 0 1 1 0 - Zero
0 0 1 0 0 1 1 0 0 1 1 0 0 0 1 0 - Um
0 1 1 0 0 1 1 0 0 1 1 0 0 1 1 0 - Zero
0 0 1 0 0 1 1 0 0 0 1 0 0 0 0 0 - Um